-11.0000000 11.7500000 11.0000000	1.0000000 -0.0000000 0.0000000
-11.0000000 -12.7500000 22.7500000	1.0000000 -0.0000000 0.0000000
-11.0000000 -12.7500000 11.0000000	1.0000000 -0.0000000 0.0000000
-11.0000000 23.5000000 22.7500000	1.0000000 -0.0000000 0.0000000
-11.0000000 11.7500000 -31.2500000	1.0000000 -0.0000000 0.0000000
-11.0000000 23.5000000 -31.2500000	1.0000000 -0.0000000 0.0000000
-11.0000000 23.5000000 -31.2500000	-1.0000000 0.0000000 -0.0000000
-11.0000000 11.7500000 -31.2500000	-1.0000000 0.0000000 -0.0000000
-11.0000000 23.5000000 22.7500000	-1.0000000 0.0000000 -0.0000000
-11.0000000 11.7500000 11.0000000	-1.0000000 0.0000000 -0.0000000
-11.0000000 -12.7500000 22.7500000	-1.0000000 0.0000000 -0.0000000
-11.0000000 -12.7500000 11.0000000	-1.0000000 0.0000000 -0.0000000
-11.0000000 -12.7500000 22.7500000	0.0000000 0.0000000 0.0000000
-11.0000000 23.5000000 22.7500000	0.0000000 0.0000000 0.0000000
-11.0000000 -12.7500000 11.0000000	0.0000000 0.0000000 0.0000000
-11.0000000 11.7500000 11.0000000	0.0000000 0.0000000 0.0000000
-11.0000000 11.7500000 -31.2500000	0.0000000 0.0000000 0.0000000
-11.0000000 23.5000000 -31.2500000	0.0000000 0.0000000 0.0000000
-22.7500000 -24.5000000 22.7500000	-0.0000000 -0.0000000 1.0000000
-11.0000000 -12.7500000 22.7500000	-0.0000000 -0.0000000 1.0000000
-22.7500000 23.5000000 22.7500000	-0.0000000 -0.0000000 1.0000000
32.2500000 -24.5000000 22.7500000	-0.0000000 -0.0000000 1.0000000
32.2500000 -12.7500000 22.7500000	-0.0000000 -0.0000000 1.0000000
-11.0000000 23.5000000 22.7500000	-0.0000000 -0.0000000 1.0000000
-11.0000000 -12.7500000 22.7500000	0.0000000 0.0000000 -1.0000000
-22.7500000 23.5000000 22.7500000	0.0000000 0.0000000 -1.0000000
-11.0000000 23.5000000 22.7500000	0.0000000 0.0000000 -1.0000000
32.2500000 -12.7500000 22.7500000	0.0000000 0.0000000 -1.0000000
32.2500000 -24.5000000 22.7500000	0.0000000 0.0000000 -1.0000000
-22.7500000 -24.5000000 22.7500000	0.0000000 0.0000000 -1.0000000
-22.7500000 23.5000000 22.7500000	0.0000000 0.0000000 0.0000000
-22.7500000 -24.5000000 22.7500000	0.0000000 0.0000000 0.0000000
32.2500000 -24.5000000 22.7500000	0.0000000 0.0000000 0.0000000
32.2500000 -12.7500000 22.7500000	0.0000000 0.0000000 0.0000000
-11.0000000 -12.7500000 11.0000000	0.0000000 1.0000000 0.0000000
32.2500000 -12.7500000 22.7500000	0.0000000 1.0000000 0.0000000
32.2500000 -12.7500000 11.0000000	0.0000000 1.0000000 0.0000000
-11.0000000 -12.7500000 22.7500000	0.0000000 1.0000000 0.0000000
-11.0000000 -12.7500000 22.7500000	-0.0000000 -1.0000000 -0.0000000
-11.0000000 -12.7500000 11.0000000	-0.0000000 -1.0000000 -0.0000000
32.2500000 -12.7500000 22.7500000	-0.0000000 -1.0000000 -0.0000000
32.2500000 -12.7500000 11.0000000	-0.0000000 -1.0000000 -0.0000000
32.2500000 -12.7500000 11.0000000	0.0000000 0.0000000 0.0000000
-11.0000000 11.7500000 11.0000000	0.0000000 0.0000000 -1.0000000
-22.7500000 -24.5000000 11.0000000	0.0000000 0.0000000 -1.0000000
-22.7500000 11.7500000 11.0000000	0.0000000 0.0000000 -1.0000000
-11.0000000 -12.7500000 11.0000000	0.0000000 0.0000000 -1.0000000
32.2500000 -24.5000000 11.0000000	0.0000000 0.0000000 -1.0000000
32.2500000 -12.7500000 11.0000000	0.0000000 0.0000000 -1.0000000
32.2500000 -12.7500000 11.0000000	-0.0000000 -0.0000000 1.0000000
-11.0000000 -12.7500000 11.0000000	-0.0000000 -0.0000000 1.0000000
32.2500000 -24.5000000 11.0000000	-0.0000000 -0.0000000 1.0000000
-22.7500000 -24.5000000 11.0000000	-0.0000000 -0.0000000 1.0000000
-11.0000000 11.7500000 11.0000000	-0.0000000 -0.0000000 1.0000000
-22.7500000 11.7500000 11.0000000	-0.0000000 -0.0000000 1.0000000
-22.7500000 11.7500000 11.0000000	0.0000000 0.0000000 0.0000000
32.2500000 -24.5000000 11.0000000	0.0000000 0.0000000 0.0000000
-22.7500000 -24.5000000 11.0000000	0.0000000 0.0000000 0.0000000
-11.0000000 11.7500000 11.0000000	-0.0000000 -1.0000000 0.0000000
-22.7500000 11.7500000 -31.2500000	-0.0000000 -1.0000000 0.0000000
-11.0000000 11.7500000 -31.2500000	-0.0000000 -1.0000000 0.0000000
-22.7500000 11.7500000 11.0000000	-0.0000000 -1.0000000 0.0000000
-22.7500000 11.7500000 11.0000000	0.0000000 1.0000000 -0.0000000
-11.0000000 11.7500000 11.0000000	0.0000000 1.0000000 -0.0000000
-22.7500000 11.7500000 -31.2500000	0.0000000 1.0000000 -0.0000000
-11.0000000 11.7500000 -31.2500000	0.0000000 1.0000000 -0.0000000
-22.7500000 11.7500000 -31.2500000	0.0000000 0.0000000 0.0000000
-11.0000000 23.5000000 -31.2500000	0.0000000 0.0000000 -1.0000000
-22.7500000 11.7500000 -31.2500000	0.0000000 0.0000000 -1.0000000
-22.7500000 23.5000000 -31.2500000	0.0000000 0.0000000 -1.0000000
-11.0000000 11.7500000 -31.2500000	0.0000000 0.0000000 -1.0000000
-11.0000000 11.7500000 -31.2500000	-0.0000000 -0.0000000 1.0000000
-11.0000000 23.5000000 -31.2500000	-0.0000000 -0.0000000 1.0000000
-22.7500000 11.7500000 -31.2500000	-0.0000000 -0.0000000 1.0000000
-22.7500000 23.5000000 -31.2500000	-0.0000000 -0.0000000 1.0000000
-22.7500000 23.5000000 -31.2500000	0.0000000 0.0000000 0.0000000
-22.7500000 23.5000000 -31.2500000	0.0000000 1.0000000 0.0000000
-11.0000000 23.5000000 22.7500000	0.0000000 1.0000000 0.0000000
-11.0000000 23.5000000 -31.2500000	0.0000000 1.0000000 0.0000000
-22.7500000 23.5000000 22.7500000	0.0000000 1.0000000 0.0000000
-22.7500000 23.5000000 22.7500000	-0.0000000 -1.0000000 -0.0000000
-22.7500000 23.5000000 -31.2500000	-0.0000000 -1.0000000 -0.0000000
-11.0000000 23.5000000 22.7500000	-0.0000000 -1.0000000 -0.0000000
-11.0000000 23.5000000 -31.2500000	-0.0000000 -1.0000000 -0.0000000
-22.7500000 23.5000000 22.7500000	-1.0000000 0.0000000 -0.0000000
-22.7500000 -24.5000000 11.0000000	-1.0000000 0.0000000 -0.0000000
-22.7500000 -24.5000000 22.7500000	-1.0000000 0.0000000 -0.0000000
-22.7500000 11.7500000 11.0000000	-1.0000000 0.0000000 -0.0000000
-22.7500000 11.7500000 -31.2500000	-1.0000000 0.0000000 -0.0000000
-22.7500000 23.5000000 -31.2500000	-1.0000000 0.0000000 -0.0000000
-22.7500000 23.5000000 -31.2500000	1.0000000 -0.0000000 0.0000000
-22.7500000 23.5000000 22.7500000	1.0000000 -0.0000000 0.0000000
-22.7500000 11.7500000 -31.2500000	1.0000000 -0.0000000 0.0000000
-22.7500000 11.7500000 11.0000000	1.0000000 -0.0000000 0.0000000
-22.7500000 -24.5000000 11.0000000	1.0000000 -0.0000000 0.0000000
-22.7500000 -24.5000000 22.7500000	1.0000000 -0.0000000 0.0000000
32.2500000 -24.5000000 11.0000000	-0.0000000 -1.0000000 0.0000000
-22.7500000 -24.5000000 22.7500000	-0.0000000 -1.0000000 0.0000000
-22.7500000 -24.5000000 11.0000000	-0.0000000 -1.0000000 0.0000000
32.2500000 -24.5000000 22.7500000	-0.0000000 -1.0000000 0.0000000
32.2500000 -24.5000000 22.7500000	0.0000000 1.0000000 -0.0000000
32.2500000 -24.5000000 11.0000000	0.0000000 1.0000000 -0.0000000
-22.7500000 -24.5000000 22.7500000	0.0000000 1.0000000 -0.0000000
-22.7500000 -24.5000000 11.0000000	0.0000000 1.0000000 -0.0000000
32.2500000 -12.7500000 11.0000000	1.0000000 -0.0000000 0.0000000
32.2500000 -24.5000000 22.7500000	1.0000000 -0.0000000 0.0000000
32.2500000 -24.5000000 11.0000000	1.0000000 -0.0000000 0.0000000
32.2500000 -12.7500000 22.7500000	1.0000000 -0.0000000 0.0000000
32.2500000 -12.7500000 22.7500000	-1.0000000 0.0000000 -0.0000000
32.2500000 -12.7500000 11.0000000	-1.0000000 0.0000000 -0.0000000
32.2500000 -24.5000000 22.7500000	-1.0000000 0.0000000 -0.0000000
32.2500000 -24.5000000 11.0000000	-1.0000000 0.0000000 -0.0000000

1.0000000 -0.0000000 0.0000000
1.0000000 -0.0000000 0.0000000
1.0000000 -0.0000000 0.0000000
1.0000000 -0.0000000 0.0000000
1.0000000 -0.0000000 0.0000000
1.0000000 -0.0000000 0.0000000
-1.0000000 0.0000000 -0.0000000
-1.0000000 0.0000000 -0.0000000
-1.0000000 0.0000000 -0.0000000
-1.0000000 0.0000000 -0.0000000
-1.0000000 0.0000000 -0.0000000
-1.0000000 0.0000000 -0.0000000
0.0000000 0.0000000 0.0000000
0.0000000 0.0000000 0.0000000
0.0000000 0.0000000 0.0000000
0.0000000 0.0000000 0.0000000
0.0000000 0.0000000 0.0000000
0.0000000 0.0000000 0.0000000
-0.0000000 -0.0000000 1.0000000
-0.0000000 -0.0000000 1.0000000
-0.0000000 -0.0000000 1.0000000
-0.0000000 -0.0000000 1.0000000
-0.0000000 -0.0000000 1.0000000
-0.0000000 -0.0000000 1.0000000
0.0000000 0.0000000 -1.0000000
0.0000000 0.0000000 -1.0000000
0.0000000 0.0000000 -1.0000000
0.0000000 0.0000000 -1.0000000
0.0000000 0.0000000 -1.0000000
0.0000000 0.0000000 -1.0000000
0.0000000 0.0000000 0.0000000
0.0000000 0.0000000 0.0000000
0.0000000 0.0000000 0.0000000
0.0000000 0.0000000 0.0000000
0.0000000 1.0000000 0.0000000
0.0000000 1.0000000 0.0000000
0.0000000 1.0000000 0.0000000
0.0000000 1.0000000 0.0000000
-0.0000000 -1.0000000 -0.0000000
-0.0000000 -1.0000000 -0.0000000
-0.0000000 -1.0000000 -0.0000000
-0.0000000 -1.0000000 -0.0000000
0.0000000 0.0000000 0.0000000
0.0000000 0.0000000 -1.0000000
0.0000000 0.0000000 -1.0000000
0.0000000 0.0000000 -1.0000000
0.0000000 0.0000000 -1.0000000
0.0000000 0.0000000 -1.0000000
0.0000000 0.0000000 -1.0000000
-0.0000000 -0.0000000 1.0000000
-0.0000000 -0.0000000 1.0000000
-0.0000000 -0.0000000 1.0000000
-0.0000000 -0.0000000 1.0000000
-0.0000000 -0.0000000 1.0000000
-0.0000000 -0.0000000 1.0000000
0.0000000 0.0000000 0.0000000
0.0000000 0.0000000 0.0000000
0.0000000 0.0000000 0.0000000
-0.0000000 -1.0000000 0.0000000
-0.0000000 -1.0000000 0.0000000
-0.0000000 -1.0000000 0.0000000
-0.0000000 -1.0000000 0.0000000
0.0000000 1.0000000 -0.0000000
0.0000000 1.0000000 -0.0000000
0.0000000 1.0000000 -0.0000000
0.0000000 1.0000000 -0.0000000
0.0000000 0.0000000 0.0000000
0.0000000 0.0000000 -1.0000000
0.0000000 0.0000000 -1.0000000
0.0000000 0.0000000 -1.0000000
0.0000000 0.0000000 -1.0000000
-0.0000000 -0.0000000 1.0000000
-0.0000000 -0.0000000 1.0000000
-0.0000000 -0.0000000 1.0000000
-0.0000000 -0.0000000 1.0000000
0.0000000 0.0000000 0.0000000
0.0000000 1.0000000 0.0000000
0.0000000 1.0000000 0.0000000
0.0000000 1.0000000 0.0000000
0.0000000 1.0000000 0.0000000
-0.0000000 -1.0000000 -0.0000000
-0.0000000 -1.0000000 -0.0000000
-0.0000000 -1.0000000 -0.0000000
-0.0000000 -1.0000000 -0.0000000
-1.0000000 0.0000000 -0.0000000
-1.0000000 0.0000000 -0.0000000
-1.0000000 0.0000000 -0.0000000
-1.0000000 0.0000000 -0.0000000
-1.0000000 0.0000000 -0.0000000
-1.0000000 0.0000000 -0.0000000
1.0000000 -0.0000000 0.0000000
1.0000000 -0.0000000 0.0000000
1.0000000 -0.0000000 0.0000000
1.0000000 -0.0000000 0.0000000
1.0000000 -0.0000000 0.0000000
1.0000000 -0.0000000 0.0000000
-0.0000000 -1.0000000 0.0000000
-0.0000000 -1.0000000 0.0000000
-0.0000000 -1.0000000 0.0000000
-0.0000000 -1.0000000 0.0000000
0.0000000 1.0000000 -0.0000000
0.0000000 1.0000000 -0.0000000
0.0000000 1.0000000 -0.0000000
0.0000000 1.0000000 -0.0000000
1.0000000 -0.0000000 0.0000000
1.0000000 -0.0000000 0.0000000
1.0000000 -0.0000000 0.0000000
1.0000000 -0.0000000 0.0000000
-1.0000000 0.0000000 -0.0000000
-1.0000000 0.0000000 -0.0000000
-1.0000000 0.0000000 -0.0000000
-1.0000000 0.0000000 -0.0000000
