270.4 160.66 -201.82 0.0 0.0 0.0 1.0
269.6647783940105 160.52021358002762 -209.12838979338915 0.0034922186684456136 0.005939210191205132 0.012882220151009894 0.9998932836033341
268.92955678802105 160.38042716005523 -216.4367795867783 0.006983691982905895 0.01187715276018897 0.02576169081378864 0.9995731571901147
268.1943351820315 160.24064074008285 -223.74516938016745 0.010473674748478497 0.01781256035528237 0.03863566308693605 0.9990396890858168
267.45911357604206 160.10085432011047 -231.0535591735566 0.013961422088393077 0.023744166165862748 0.051501389242588576 0.9982929931500276
266.7238919700526 159.9610679001381 -238.36194896694573 0.017446189602992445 0.029670704192733006 0.06435612331287457 0.9973332287521469
265.9886703640631 159.8212814801657 -245.6703387603349 0.020927233528611852 0.035590909518327295 0.07719712167599392 0.9961606007373707
265.25344875807366 159.68149506019333 -252.97872855372404 0.024403810896322528 0.04150351857668584 0.09002164364179673 0.9947753593829718
264.51822715208414 159.54170864022092 -260.28711834711316 0.027875179690505666 0.047407269423141475 0.10282695203673675 0.993177800344882
263.78300554609467 159.40192222024854 -267.5955081405023 0.03134059900722282 0.053300902003659875 0.11561031378807377 0.9913682645945895
263.0477839401052 159.26213580027616 -274.90389793389147 0.03479932921234918 0.05918315842377653 0.128369000507201 0.9893471383463637
262.31256233411574 159.12234938030377 -282.2122877272806 0.038250632099435654 0.0650527832170726 0.14110028907197278 0.9871148529748258
261.5773407281263 158.9825629603314 -289.5206775206698 0.04169377104726645 0.07090852361313262 0.15380146220790797 0.984671884922878
260.84211912213675 158.842776540359 -296.82906731405893 0.04512801117707807 0.07674912980492685 0.16646980906814557 0.9820187556000156
260.1068975161473 158.70299012038663 -304.1374571074481 0.048552619509406654 0.08257335521556101 0.17910262581202832 0.9791560312710411
259.3716759101578 158.56320370041425 -311.44584690083724 0.05196686512052976 0.08837995676433671 0.1916972161821909 0.9760843229352046
260.94715078013525 158.8627460289265 -319.35644020071766 0.04463797807193978 0.07591573135872912 0.16466215756031938 0.9824106201143689
262.52262565011273 159.16228835743874 -327.267033500598 0.037265346432850115 0.06337710960444687 0.1374657323406673 0.9877741687073364
264.09810052009016 159.46183068595099 -335.17762680047844 0.02985619527854167 0.05077637917440358 0.11013459263732407 0.992169712511946
265.67357539006764 159.76137301446326 -343.0882201003588 0.022417785472906484 0.03812588860714124 0.08269552258267766 0.9955929439571097
267.24905026004507 160.0609153429755 -350.9988134002392 0.014957406552903216 0.025438035205436242 0.05517541207934185 0.9980405083241727
268.82452513002255 160.36045767148775 -358.9094067001196 0.007482369584913564 0.01272525288711715 0.027601230448430086 0.9995100070344901
270.4 160.66 -366.82 0.0 0.0 0.0 1.0