-0.99 -0.0 0.0 0.0
-0.8956083874809834 -0.009316886589413834 0.03646861931331818 -0.024870707995705354
-0.8012167749619667 -0.018633773178827667 0.07293723862663636 -0.04974141599141071
-0.7068251624429502 -0.027950659768241497 0.10940585793995451 -0.07461212398711606
-0.6124335499239336 -0.037267546357655335 0.1458744772532727 -0.09948283198282142
-0.518041937404917 -0.04658443294706917 0.18234309656659087 -0.12435353997852676
-0.4236503248859005 -0.055901319536482995 0.21881171587990902 -0.14922424797423212
-0.32925871236688387 -0.06521820612589684 0.25528033519322724 -0.17409495596993746
-0.23486709984786724 -0.07453509271531067 0.2917489545065454 -0.19896566396564283
-0.14047548732885062 -0.0838519793047245 0.3282175738198636 -0.2238363719613482
-0.04608387480983411 -0.09316886589413834 0.36468619313318174 -0.24870707995705352
0.04830773770918248 -0.10248575248355217 0.4011548124464999 -0.2735777879527589
0.12619453147107046 -0.09827087158737054 0.40066736359147453 -0.34143512039094454
0.2040813252329584 -0.09405599069118892 0.40017991473644915 -0.4092924528291302
0.2819681189948464 -0.08984110979500728 0.39969246588142376 -0.47714978526731583
0.3598549127567343 -0.08562622889882565 0.39920501702639843 -0.5450071177055015
0.4377417065186223 -0.08141134800264402 0.39871756817137305 -0.6128644501436871
0.5156285002805103 -0.0771964671064624 0.39823011931634766 -0.6807217825818728
0.5935152940423982 -0.07298158621028077 0.3977426704613223 -0.7485791150200585
0.6714020878042862 -0.06876670531409915 0.3972552216062969 -0.8164364474582441
0.7492888815661742 -0.06455182441791751 0.3967677727512715 -0.8842937798964297
0.8271756753280621 -0.06033694352173588 0.3962803238962461 -0.9521511123346154
0.9050624690899503 -0.05612206262555425 0.3957928750412208 -1.020008444772801
0.9829492628518381 -0.05190718172937262 0.3953054261861954 -1.0878657772109865
1.060836056613726 -0.04769230083319099 0.39481797733117 -1.1557231096491725
1.138722850375614 -0.04347741993700936 0.39433052847614464 -1.223580442087358
1.216609644137502 -0.03926253904082773 0.39384307962111925 -1.2914377745255439
1.29449643789939 -0.03504765814464611 0.39335563076609387 -1.3592951069637293
1.372383231661278 -0.030832777248464477 0.3928681819110685 -1.4271524394019148
1.450270025423166 -0.026617896352282844 0.39238073305604315 -1.4950097718401003
1.5281568191850539 -0.02240301545610121 0.39189328420101777 -1.5628671042782862
1.6060436129469418 -0.01818813455991959 0.3914058353459924 -1.6307244367164717
1.6839304067088299 -0.013973253663737953 0.390918386490967 -1.6985817691546576
1.7580310695477177 -0.009689894418738174 0.3818823877595273 -1.7826734434481657
1.8321317323866058 -0.005406535173738394 0.3728463890280877 -1.8667651177416735
1.9062323952254936 -0.001123175928738616 0.363810390296648 -1.9508567920351816
1.9803330580643816 0.0031601833162611653 0.35477439156520835 -2.0349484663286894
2.0544337209032695 0.007443542561260943 0.3457383928337687 -2.1190401406221975
2.1285343837421573 0.011726901806260721 0.33670239410232905 -2.2031318149157055
2.202635046581045 0.0160102610512605 0.3276663953708894 -2.2872234892092136
2.276735709419933 0.020293620296260285 0.31863039663944975 -2.3713151635027216
2.3508363722588212 0.024576979541260063 0.3095943979080101 -2.4554068377962297
2.424937035097709 0.02886033878625984 0.30055839917657046 -2.5394985120897373
2.499037697936597 0.03314369803125962 0.2915224004451308 -2.6235901863832454
2.5677178025758427 0.031637166302566 0.2782713822430794 -2.7185355861105838
2.636397907215088 0.03013063457387238 0.26502036404102797 -2.813480985837922
2.705078011854334 0.028624102845178762 0.2517693458389766 -2.9084263855652606
2.773758116493579 0.02711757111648514 0.23851832763692518 -3.003371785292599
2.842438221132825 0.025611039387791523 0.22526730943487377 -3.0983171850199374
2.9111183257720703 0.024104507659097905 0.2120162912328224 3.0899227224323105
2.979798430411316 0.022597975930404288 0.198765273030771 2.994977322704972
3.0484785350505614 0.021091444201710666 0.18551425482871958 2.9000319229776337
3.117158639689807 0.019584912473017045 0.17226323662666818 2.8050865232502953
3.185838744329053 0.018078380744323427 0.1590122184246168 2.710141123522957
3.2545188489682984 0.01657184901562981 0.1457612002225654 2.6151957237956185
3.3231989536075437 0.015065317286936192 0.132510182020514 2.52025032406828
3.3918790582467895 0.01355878555824257 0.11925916381846258 2.4253049243409417
3.4605591628860353 0.012052253829548953 0.1060081456164112 2.3303595246136033
3.5292392675252806 0.010545722100855335 0.09275712741435982 2.2354141248862653
3.5979193721645264 0.009039190372161714 0.07950610921230838 2.140468725158927
3.6665994768037717 0.007532658643468096 0.066255091010257 2.0455233254315885
3.7352795814430175 0.006026126914774475 0.05300407280820557 1.9505779257042501
3.803959686082263 0.004519595186080857 0.03975305460615419 1.8556325259769118
3.8726397907215087 0.003013063457387239 0.026502036404102813 1.7606871262495734
3.9413198953607544 0.0015065317286936178 0.013251018202051379 1.665741726522235
4.01 -0.0 0.0 1.5707963267948966