-1.0 0.0 0.0 0.0
-0.945785779033474 0.018916612758177367 0.010029417567042665 0.11154513068365614
-0.8915715580669481 0.037833225516354735 0.02005883513408533 0.22309026136731228
-0.8373573371004221 0.0567498382745321 0.030088252701128 0.3346353920509684
-0.7831431161338962 0.07566645103270947 0.04011767026817066 0.44618052273462455
-0.7289288951673702 0.09458306379088684 0.05014708783521333 0.5577256534182807
-0.6747146742008443 0.1134996765490642 0.060176505402256 0.6692707841019369
-0.6205004532343185 0.13241628930724156 0.07020592296929866 0.7808159147855929
-0.5662862322677925 0.15133290206541894 0.08023534053634132 0.8923610454692491
-0.5120720113012666 0.1702495148235963 0.090264758103384 1.0039061761529053
-0.4578577903347406 0.18916612758177367 0.10029417567042666 1.1154513068365615
-0.40364356936821466 0.20808274033995106 0.11032359323746933 1.2269964375202176
-0.3494293484016887 0.2269993530981284 0.120353010804512 1.3385415682038737
-0.29521512743516287 0.24591596585630576 0.13038242837155464 1.4500866988875296
-0.24100090646863692 0.2648325786144831 0.14041184593859732 1.5616318295711857
-0.18678668550211097 0.28374919137266047 0.15044126350564 1.673176960254842
-0.13257246453558502 0.3026658041308379 0.16047068107268264 1.7847220909384982
-0.07835824356905913 0.32158241688901523 0.17050009863972532 1.8962672216221543
-0.01616092050792422 0.3342245265069889 0.1709294961111161 1.9965478680947482
0.04603640255321069 0.34686663612496255 0.1713588935825069 2.096828514567342
0.1082337256143456 0.35950874574293623 0.1717882910538977 2.197109161039936
0.1704310486754805 0.3721508553609099 0.1722176885252885 2.2973898075125296
0.23262837173661544 0.3847929649788836 0.17264708599667927 2.3976704539851235
0.29482569479775034 0.39743507459685723 0.17307648346807006 2.4979511004577173
0.3570230178588853 0.4100771842148309 0.17350588093946087 2.598231746930311
0.41922034092002014 0.42271929383280454 0.17393527841085166 2.698512393402905
0.4814176639811551 0.43536140345077823 0.17436467588224244 2.7987930398754988
0.5436149870422899 0.4480035130687519 0.17479407335363323 2.8990736863480926
0.605812310103425 0.4606456226867256 0.175223470825024 2.9993543328206864
0.6680096331645597 0.4732877323046992 0.17565286829641483 3.0996349792932802
0.7302069562256948 0.48592984192267286 0.1760822657678056 -3.083269681413712
0.7924042792868298 0.4985719515406466 0.1765116632391964 -2.9829890349411183
0.8546016023479646 0.5112140611586202 0.17694106071058718 -2.8827083884685245
0.9167989254090994 0.5238561707765939 0.177370458181978 -2.7824277419959307
0.9789962484702344 0.5364982803945675 0.17779985565336878 -2.682147095523337
1.0411935715313694 0.5491403900125412 0.17822925312475957 -2.581866449050743
1.109007857679765 0.5521553624481765 0.15224538291152184 -2.5073400682450253
1.1768221438281607 0.5551703348838118 0.1262615126982841 -2.4328136874393076
1.2446364299765564 0.5581853073194472 0.10027764248504635 -2.3582873066335903
1.3124507161249521 0.5612002797550825 0.07429377227180863 -2.2837609258278726
1.3802650022733478 0.5642152521907178 0.048309902058570886 -2.209234545022155
1.4480792884217435 0.5672302246263531 0.022326031845333133 -2.134708164216437
1.5158935745701392 0.5702451970619884 -0.0036578383679045923 -2.0601817834107194
1.5837078607185349 0.5732601694976236 -0.029641708581142318 -1.985655402605002
1.6515221468669306 0.5762751419332589 -0.05562557879438004 -1.9111290217992845
1.7193364330153262 0.5792901143688942 -0.0816094490076178 -1.8366026409935667
1.787150719163722 0.5823050868045295 -0.10759331922085552 -1.762076260187849
1.8549650053121176 0.5853200592401648 -0.1335771894340933 -1.6875498793821313
1.9227792914605133 0.5883350316758001 -0.15956105964733103 -1.6130234985764138
1.990593577608909 0.5913500041114355 -0.18554492986056875 -1.5384971177706963
2.0584078637573047 0.5943649765470708 -0.2115288000738065 -1.4639707369649786
2.1503326180148887 0.5757910710299748 -0.20491852507150005 -1.418221651434823
2.2422573722724732 0.5572171655128788 -0.1983082500691936 -1.3724725659046675
2.3341821265300573 0.5386432599957829 -0.19169797506688716 -1.3267234803745118
2.426106880787642 0.520069354478687 -0.1850877000645807 -1.2809743948443564
2.518031635045226 0.5014954489615909 -0.17847742506227424 -1.2352253093142007
2.60995638930281 0.482921543444495 -0.17186715005996778 -1.189476223784045
2.701881143560394 0.464347637927399 -0.16525687505766135 -1.1437271382538894
2.7938058978179785 0.44577373241030305 -0.15864660005535489 -1.097978052723734
2.885730652075563 0.4271998268932071 -0.15203632505304843 -1.0522289671935785
2.977655406333147 0.40862592137611115 -0.14542605005074197 -1.0064798816634228
3.069580160590731 0.39005201585901517 -0.1388157750484355 -0.9607307961332672
3.161504914848315 0.37147811034191924 -0.13220550004612908 -0.9149817106031116
3.2534296691058997 0.35290420482482326 -0.12559522504382262 -0.8692326250729561
3.3453544233634838 0.3343302993077273 -0.11898495004151616 -0.8234835395428004
3.4372791776210683 0.31575639379063136 -0.11237467503920971 -0.7777344540126448
3.5292039318786523 0.2971824882735354 -0.10576440003690325 -0.7319853684824893
3.6211286861362364 0.2786085827564394 -0.0991541250345968 -0.6862362829523337
3.713053440393821 0.2600346772393435 -0.09254385003229035 -0.6404871974221782
3.804978194651405 0.2414607717222475 -0.08593357502998389 -0.5947381118920225
3.8969029489089895 0.22288686620515152 -0.07932330002767743 -0.548989026361867
3.9888277031665735 0.2043129606880556 -0.072713025025371 -0.5032399408317114
4.080752457424158 0.18573905517095962 -0.06610275002306454 -0.45749085530155575
4.1726772116817425 0.16716514965386364 -0.05949247502075808 -0.4117417697714003
4.264601965939326 0.14859124413676772 -0.05288220001845162 -0.36599268424124465
4.356526720196911 0.13001733861967174 -0.04627192501614516 -0.320243598711089
4.448451474454495 0.11144343310257576 -0.03966165001383873 -0.27449451318093354
4.540376228712079 0.09286952758547984 -0.03305137501153227 -0.22874542765077788
4.632300982969663 0.0742956220683838 -0.02644110000922581 -0.1829963421206222
4.724225737227247 0.05572171655128788 -0.01983082500691935 -0.13724725659046677
4.816150491484832 0.03714781103419196 -0.013220550004612919 -0.0914981710603111
4.908075245742416 0.018573905517095923 -0.006610275002306459 -0.045749085530155664
5.0 0.0 0.0 0.0