-0.99 -0.0 0.0 0.0
-0.9120853261072276 0.018912630116919193 0.024253912014025165 -0.06522478042804286
-0.8341706522144552 0.037825260233838386 0.04850782402805033 -0.13044956085608572
-0.7562559783216828 0.056737890350757575 0.07276173604207549 -0.19567434128412858
-0.6783413044289104 0.07565052046767677 0.09701564805610066 -0.26089912171217144
-0.600426630536138 0.09456315058459595 0.12126956007012582 -0.3261239021402143
-0.5225119566433656 0.11347578070151515 0.14552347208415098 -0.39134868256825717
-0.4445972827505933 0.13238841081843433 0.16977738409817614 -0.4565734629963
-0.3666826088578208 0.15130104093535354 0.19403129611220132 -0.5217982434243429
-0.2887679349650485 0.17021367105227272 0.21828520812622645 -0.5870230238523857
-0.21085326107227598 0.1891263011691919 0.24253912014025164 -0.6522478042804286
-0.1329385871795037 0.2080389312861111 0.2667930321542768 -0.7174725847084714
-0.055023913286731174 0.2269515614030303 0.29104694416830196 -0.7826973651365143
0.02289076060604104 0.24586419151994948 0.3153008561823271 -0.8479221455645571
0.09916565404625602 0.2705807851369221 0.2650072731544116 -0.8141610004765221
0.175440547486471 0.2952973787538946 0.21471369012649605 -0.780399855388487
0.251715440926686 0.3200139723708672 0.1644201070985805 -0.7466387103004519
0.327990334366901 0.34473056598783974 0.11412652407066495 -0.7128775652124169
0.404265227807116 0.36944715960481234 0.06383294104274939 -0.6791164201243817
0.480540121247331 0.3941637532217849 0.013539358014833858 -0.6453552750363466
0.5568150146875459 0.4188803468387575 -0.03675422501308173 -0.6115941299483115
0.6330899081277609 0.44359694045573006 -0.08704780804099721 -0.5778329848602765
0.7093648015679759 0.4683135340727026 -0.1373413910689128 -0.5440718397722414
0.7856396950081909 0.4930301276896752 -0.18763497409682833 -0.5103106946842062
0.8619145884484058 0.5177467213066478 -0.23792855712474387 -0.47654954959617124
0.9381894818886208 0.5424633149236203 -0.2882221401526594 -0.4427884045081361
1.0288244957578365 0.5300051308237894 -0.28781159945789214 -0.38595348230050497
1.119459509627052 0.5175469467239584 -0.28740105876312483 -0.3291185600928739
1.210094523496268 0.5050887626241275 -0.28699051806835757 -0.2722836378852428
1.3007295373654837 0.49263057852429654 -0.2865799773735903 -0.21544871567761165
1.3913645512346993 0.48017239442446563 -0.28616943667882305 -0.1586137934699805
1.4819995651039148 0.46771421032463467 -0.2857588959840558 -0.10177887126234941
1.5726345789731306 0.4552560262248037 -0.2853483552892885 -0.04494394905471827
1.6632695928423464 0.4427978421249728 -0.2849378145945212 0.01189097315291282
1.753904606711562 0.43033965802514185 -0.28452727389975396 0.06872589536054391
1.8445396205807776 0.4178814739253109 -0.28411673320498665 0.1255608175681751
1.9351746344499934 0.40542328982548 -0.2837061925102194 0.1823957397758062
2.025809648319209 0.392965105725649 -0.28329565181545213 0.2392306619834373
2.1120787940444608 0.37587966634627296 -0.2709784495626064 0.29712482132306595
2.1983479397697128 0.35879422696689695 -0.25866124730976064 0.3550189806626946
2.2846170854949643 0.3417087875875209 -0.2463440450569149 0.41291314000232326
2.3708862312202164 0.32462334820814487 -0.23402684280406916 0.470807299341952
2.457155376945468 0.3075379088287688 -0.2217096405512234 0.5287014586815806
2.54342452267072 0.29045246944939274 -0.20939243829837767 0.5865956180212093
2.6296936683959715 0.2733670300700167 -0.1970752360455319 0.644489777360838
2.715962814121223 0.25628159069064066 -0.18475803379268618 0.7023839367004666
2.802231959846475 0.23919615131126462 -0.1724408315398404 0.7602780960400952
2.8885011055717267 0.22211071193188858 -0.1601236292869947 0.8181722553797239
2.9747702512969787 0.20502527255251252 -0.14780642703414892 0.8760664147193526
3.0610393970222303 0.1879398331731365 -0.1354892247813032 0.9339605740589814
3.1473085427474823 0.17085439379376047 -0.12317202252845746 0.9918547333986099
3.2335776884727343 0.15376895441438437 -0.11085482027561169 1.0497488927382386
3.3198468341979854 0.13668351503500836 -0.09853761802276595 1.1076430520778673
3.4061159799232374 0.1195980756556323 -0.08622041576992023 1.165537211417496
3.492385125648489 0.10251263627625629 -0.07390321351707449 1.2234313707571245
3.578654271373741 0.08542719689688022 -0.06158601126422872 1.2813255300967532
3.6649234170989926 0.06834175751750415 -0.049268809011382975 1.339219689436382
3.7511925628242446 0.05125631813812814 -0.03695160675853723 1.3971138487760106
3.837461708549496 0.03417087875875213 -0.024634404505691487 1.4550080081156391
3.9237308542747478 0.01708543937937601 -0.012317202252845716 1.5129021674552678
4.01 -0.0 0.0 1.5707963267948966