-0.99 0.0 0.0 0.0
-0.8925428137250054 0.025665376931964003 -0.041940366208160273 -0.008615121196496428
-0.795085627450011 0.051330753863928005 -0.08388073241632055 -0.017230242392992857
-0.6976284411750164 0.076996130795892 -0.12582109862448082 -0.025845363589489283
-0.600171254900022 0.10266150772785601 -0.1677614648326411 -0.034460484785985714
-0.5027140686250274 0.12832688465982 -0.20970183104080137 -0.04307560598248214
-0.405256882350033 0.153992261591784 -0.25164219724896164 -0.05169072717897857
-0.30779969607503843 0.179657638523748 -0.2935825634571219 -0.060305848375474994
-0.21034250980004388 0.20532301545571202 -0.3355229296652822 -0.06892096957197143
-0.11288532352504932 0.23098839238767602 -0.37746329587344246 -0.07753609076846786
-0.015428137250054857 0.25665376931964 -0.41940366208160273 -0.08615121196496428
0.06664034508969956 0.25585888963243236 -0.429947274062728 -0.15007724244119908
0.148708827429454 0.25506400994522477 -0.4404908860438533 -0.21400327291743385
0.23077730976920838 0.2542691302580171 -0.4510344980249785 -0.2779293033936686
0.3128457921089628 0.2534742505708095 -0.4615781100061038 -0.3418553338699034
0.3949142744487172 0.2526793708836019 -0.47212172198722907 -0.40578136434613815
0.4769827567884716 0.2518844911963943 -0.4826653339683543 -0.4697073948223729
0.559051239128226 0.2510896115091866 -0.4932089459494796 -0.5336334252986077
0.6411197214679805 0.25029473182197903 -0.5037525579306049 -0.5975594557748425
0.7231882038077349 0.24949985213477138 -0.5142961699117301 -0.6614854862510773
0.8052566861474892 0.24870497244756376 -0.5248397818928554 -0.7254115167273121
0.8962547888661169 0.2660891116571874 -0.49195878399169585 -0.7822803028308529
0.9872528915847444 0.2834732508668111 -0.4590777860905363 -0.8391490889343938
1.078250994303372 0.30085739007643475 -0.4261967881893767 -0.8960178750379346
1.1526485449007802 0.3022566849750528 -0.34828796298913767 -0.9157098258213235
1.2270460954981883 0.3036559798736709 -0.27037913778889866 -0.9354017766047125
1.3014436460955965 0.30505527477228894 -0.1924703125886597 -0.9550937273881014
1.3758411966930046 0.306454569670907 -0.1145614873884207 -0.9747856781714903
1.4502387472904128 0.30785386456952507 -0.036652662188181695 -0.9944776289548792
1.524636297887821 0.3092531594681432 0.041256163012057256 -1.0141695797382682
1.5990338484852291 0.31065245436676125 0.11916498821229626 -1.0338615305216572
1.6734313990826373 0.3120517492653793 0.19707381341253527 -1.053553481305046
1.7478289496800454 0.3134510441639974 0.2749826386127744 -1.073245432088435
1.8222265002774536 0.31485033906261545 0.3528914638130133 -1.0929373828718238
1.8966240508748617 0.3162496339612335 0.4308002890132523 -1.1126293336552129
1.974236068272442 0.33694030565538674 0.4305635318931007 -1.0617774306185424
2.0518480856700223 0.35763097734954 0.4303267747729491 -1.010925527581872
2.1294601030676024 0.37832164904369325 0.43009001765279753 -0.9600736245452016
2.1846607555804085 0.3672909586464011 0.4174031535985202 -1.069245159302811
2.2398614080932147 0.3562602682491089 0.40471628954424294 -1.1784166940604206
2.295062060606021 0.34522957785181674 0.3920294254899656 -1.2875882288180298
2.350262713118827 0.33419888745452453 0.3793425614356883 -1.3967597635756395
2.4054633656316335 0.3231681970572324 0.366655697381411 -1.5059312983332487
2.4606640181444397 0.3121375066599402 0.3539688333271337 -1.6151028330908583
2.515864670657246 0.30110681626264807 0.34128196927285637 -1.7242743678484675
2.571065323170052 0.29007612586535586 0.3285951052185791 -1.8334459026060772
2.626265975682858 0.2790454354680637 0.3159082411643018 -1.9426174373636864
2.6814666281956643 0.2680147450707715 0.3032213771100245 -2.051788972121296
2.7366672807084704 0.25698405467347935 0.2905345130557472 -2.1609605068789053
2.7918679332212766 0.2459533642761872 0.27784764900146985 -2.270132041636515
2.8470685857340827 0.234922673878895 0.26516078494719253 -2.379303576394124
2.902269238246889 0.22389198348160286 0.25247392089291526 -2.488475111151734
2.957469890759695 0.21286129308431068 0.23978705683863794 -2.597646645909343
3.0126705432725016 0.20183060268701847 0.22710019278436064 -2.7068181806669527
3.0678711957853078 0.19079991228972631 0.21441332873008334 -2.815989715424562
3.123071848298114 0.17976922189243413 0.20172646467580602 -2.9251612501821715
3.17827250081092 0.16873853149514198 0.18903960062152875 -3.0343327849397808
3.233473153323726 0.1577078410978498 0.17635273656725142 3.139680987482196
3.2932059876834394 0.1455764687057075 0.16278714144669362 3.0189975520447114
3.352938822043153 0.13344509631356521 0.14922154632613582 2.8983141166072266
3.4126716564028663 0.12131372392142292 0.13565595120557802 2.777630681169742
3.4724044907625795 0.10918235152928063 0.12209035608502021 2.6569472457322574
3.532137325122293 0.09705097913713834 0.10852476096446241 2.536263810294773
3.5918701594820064 0.08491960674499605 0.09495916584390461 2.4155803748572886
3.6516029938417196 0.07278823435285375 0.08139357072334681 2.2948969394198038
3.711335828201433 0.06065686196071146 0.067827975602789 2.1742135039823194
3.7710686625611465 0.04852548956856917 0.05426238048223121 2.053530068544835
3.8308014969208597 0.03639411717642688 0.0406967853616734 1.9328466331073502
3.890534331280573 0.024262744784284584 0.0271311902411156 1.8121631976698658
3.9502671656402866 0.012131372392142292 0.0135655951205578 1.691479762232381
4.01 0.0 0.0 1.5707963267948966